long.: 32km (53.571948, 9.735556; 53.558490, 10.221014)
lat.:  30km (53.681894, 10.000601; 53.415086, 9.980688)





step: 22m (53.561544, 10.017497; 53.561396, 10.017734) - (00.000000, 00.000000; 00.000150, 00.000150)
